552 305
32 774
402 141
788 826
371 217
752 420
36 469
52 256
535 462
326 519
849 135
20 157
281 472
428 430
170 762
274 944
992 702
302 403
950 94
223 789
971 984
481 638
379 779
488 495
27 326
198 878
203 682
51 597
150 966
524 950
505 8
216 200
387 41
150 475
314 403
455 78
765 112
963 425
556 626
721 333
872 520
117 873
876 436
446 824
860 739
51 154
511 428
515 436
716 48
656 423
707 423
964 391
188 397
433 427
913 968
984 391
823 162
632 15
859 849
436 659
138 307
191 48
961 43
406 17
670 349
798 209
535 869
571 411
28 113
51 609
140 338
781 561
860 341
76 568
733 898
391 708
176 346
536 854
263 579
964 393
713 874
931 923
552 252
581 82
490 436
47 113
223 114
663 124
988 433
241 876
272 764
965 214
160 694
252 324
97 966
243 876
369 976
727 580
171 767
211 716
335 953
510 787
18 888
93 307
545 282
636 908
166 16
916 975
419 261
7 935
278 519
26 788
244 501
256 992
374 352
750 152
968 322
179 117
998 467
299 253
483 589
974 785
996 369
149 102
921 631
98 276
390 717
719 737
230 884
962 860
77 642
41 562
831 9
428 490
968 220
988 949
767 942
519 298
657 855
229 432
35 631
725 438
320 146
433 903
745 868
324 695
36 595
849 442
103 677
225 542
998 212
966 202
413 571
24 842
372 181
802 116
65 606
337 16
304 465
206 105
839 959
970 85
804 69
250 928
322 877
364 472
665 197
954 714
149 880
356 822
21 778
552 742
196 425
180 100
146 929
374 165
289 823
341 693
267 68
79 592
733 254
947 926
988 725
506 456
353 786
290 151
803 78
114 110
62 583
593 570
498 28
42 903
778 455
687 153
759 231
698 728
446 303
818 944
421 321
704 847
702 459
461 228
252 33
432 731
139 429
218 628
507 630
805 79
58 260
467 245
490 333
551 328
280 391
734 333
676 950
340 359
841 947
795 353
251 6
322 474
586 701
420 391
304 657
806 861
746 773
247 289
209 791
265 237
324 931
702 390
428 917
851 720
15 778
881 345
324 946
481 865
402 532
976 764
608 692
242 502
676 116
704 677
340 970
154 952
334 793
278 598
782 769
753 260
37 212
551 997
496 829
827 240
221 139
959 39
222 882
999 46
109 347
325 624
105 427
834 618
254 22
366 115
528 208
52 810
358 962
637 612
776 799
164 666
943 517
633 110
520 655
880 759
234 606
35 835
277 836
752 198
95 196
88 659
649 44
781 740
948 19
671 472
853 575
166 697
267 859
618 753
112 13
831 271
316 807
81 919
993 1
478 982
409 276
661 243
957 521
829 564
531 431
916 272
167 991
293 164
139 588
833 468
406 217
220 250
48 573
639 560
644 568
69 155
605 618
515 167
968 677
878 231
85 491
349 20
271 784
995 833
21 387
601 402
443 196
16 960
326 275
150 807
367 286
994 710
794 345
974 636
49 965
381 977
306 89
763 97
588 707
928 612
595 385
200 423
804 479
910 599
347 49
808 511
202 61
480 99
695 631
933 997
249 953
342 349
695 802
202 610
466 299
642 119
492 707
84 683
447 468
270 609
524 749
13 113
797 889
439 81
297 248
833 528
928 552
222 616
530 392
605 479
535 758
180 340
500 880
683 373
866 632
929 954
882 40
21 163
209 434
563 334
106 614
256 731
17 530
413 432
677 728
504 837
198 725
112 776
632 715
678 624
977 156
586 649
228 450
579 550
186 525
832 673
81 604
982 173
928 482
653 395
471 339
859 12
547 366
552 25
605 208
220 587
743 970
50 536
223 486
456 254
138 926
744 563
303 151
384 520
234 403
652 878
222 445
533 589
973 659
74 183
172 648
214 434
14 868
786 467
393 557
91 424
914 593
293 85
125 826
72 355
654 230
798 840
845 962
63 857
181 138
594 564
88 334
122 108
629 260
283 513
552 514
268 38
380 827
783 137
548 69
794 639
114 475
76 76
409 246
295 250
697 396
629 729
471 857
938 384
96 120
672 630
23 56
172 504
684 13
66 27
908 705
585 941
456 623
400 205
799 220
93 484
149 695
555 731
673 464
477 590
519 638
402 262
230 852
784 829
844 852
890 326
249 1
217 53
29 294
467 420
675 934
515 81
978 761
427 856
921 4
199 208
447 651
318 107
390 953
479 906
992 53
426 340
829 632
322 478
21 440
735 988
846 12
802 450
720 556
693 544
758 919
317 948
351 944
236 388
538 944
77 622
363 340
307 239
791 109
131 969
328 309
500 661
697 778
720 97
124 992
16 20
926 200
737 49
153 159
182 616
599 796
741 428
429 530
261 906
637 37
545 703
586 636
48 247
102 676
68 403
294 698
804 180
122 259
848 717
156 723
555 586
126 108
196 275
454 440
871 813
673 622
400 202
169 18
152 468
458 92
410 124
191 393
670 737
85 159
325 480
629 1
93 327
108 707
493 99
216 85
203 152
658 646
264 924
904 119
985 884
959 703
658 71
914 599
988 947
49 712
107 586
116 248
44 704
485 68
616 349
639 777
271 30
239 725
958 96
738 879
74 182
76 639
692 335
375 710
549 553
679 960
475 884
577 654
531 223
432 390
311 646
262 178
587 288
479 776
857 251
245 140
912 175
991 305
576 486
419 431
371 407
348 610
820 962
524 468
602 643
33 924
313 987
355 417
202 30
806 759
180 324
534 338
788 153
961 937
4 228
358 800
825 175
899 256
731 579
36 451
165 229
659 476
383 377
206 338
744 210
226 431
611 148
514 861
78 587
153 808
151 169
709 202
906 297
727 42
998 526
408 506
876 63
735 868
763 895
515 969
78 118
78 742
81 555
405 821
219 751
339 841
289 237
994 799
739 59
708 777
955 985
929 137
284 63
688 54
654 323
252 452
349 107
626 709
889 139
876 301
904 388
737 588
642 243
723 759
968 149
191 639
388 949
738 399
195 419
16 703
965 583
637 681
468 215
288 232
737 743
597 439
586 809
853 414
667 87
612 325
790 435
396 72
880 973
275 483
187 134
306 242
753 622
618 35
651 991
191 230
830 52
336 969
210 951
984 138
807 138
297 972
523 563
593 473
338 137
263 841
684 710
275 139
852 758
546 746
660 770
451 566
315 814
621 158
684 820
665 707
211 612
246 482
538 507
511 44
587 37
517 890
709 575
753 308
119 211
237 956
30 731
242 598
643 894
566 316
527 662
89 194
650 180
733 339
796 531
379 696
322 664
436 801
144 919
484 340
897 334
385 339
879 478
978 350
679 465
444 485
303 738
723 515
89 400
863 893
668 304
500 749
885 202
943 780
768 106
624 198
862 163
892 688
477 105
475 978
588 488
840 493
484 871
912 57
722 522
696 818
993 546
990 788
524 534
715 983
617 606
883 583
378 260
188 405
74 790
418 646
555 684
797 635
871 878
394 825
427 503
681 47
373 630
884 61
68 59
859 486
75 385
195 788
380 222
356 140
174 661
459 100
769 396
121 704
593 475
100 1000
28 493
469 995
107 400
180 997
31 696
93 48
140 856
230 191
346 468
449 493
438 883
554 714
815 115
745 372
115 45
240 452
404 332
415 448
65 909
952 487
433 580
469 19
367 550
225 365
386 811
373 512
981 955
822 906
608 854
990 67
409 610
450 677
127 316
115 493
15 226
547 494
45 481
885 743
468 618
598 115
116 4
103 905
295 485
293 737
554 583
885 902
372 92
836 625
226 143
92 763
340 639
435 178
455 470
146 722
663 762
130 659
859 453
92 654
268 103
694 167
486 231
659 55
213 822
804 607
165 334
222 945
588 683
452 162
72 279
298 888
591 60
252 975
394 95
622 392
23 635
79 746
375 52
518 304
842 125
344 413
889 6
471 947
287 327
425 543
797 84
892 602
478 610
973 393
108 509
628 745
781 529
387 394
182 687
97 187
650 358
536 183
18 90
563 329
47 281
420 969
919 222
935 56
791 890
655 654
596 83
519 782
978 49
609 700
516 710
55 625
568 970
48 549
260 990
833 898
730 557
805 989
327 649
107 525
478 121
462 386
622 133
872 26
289 700
415 22
73 427
101 423
231 895
248 449
532 157
630 998
348 173
186 204
346 690
410 30
527 390
581 424
620 519
977 657
639 139
227 156
23 820
248 321
77 52
258 99
51 626
522 926
743 987
654 414
717 559
183 635
473 371
593 708
557 345
407 514
749 950
161 948
209 97
579 42
48 693
933 491
222 608
206 274
328 325
956 416
985 530
286 117
535 893
153 340
486 582
849 118
653 55
369 686
645 903
275 88
381 209
914 605
689 674
265 180
40 645
838 175
605 998
355 374
661 384
274 72
138 143
172 56
551 745
77 152
979 87
702 494
656 719
465 72
450 768
52 132
414 439
269 382
336 815
853 59
769 889
186 504
218 763
843 157
203 177
194 321
498 691
475 701
144 505
419 758
783 731
44 468
876 271
805 759
383 775
871 204
524 929
129 453
111 788
116 519
786 463
866 441
204 394
224 357
734 392
215 545
620 245
289 20
554 903
961 681
167 59
911 169
92 455
16 485
923 696
133 696
303 770
258 627
628 622
209 364
93 267
651 734
605 81
313 250
831 157
75 135
429 340
869 851
533 64
187 73
996 85
646 641
788 814
305 882
931 460
858 369
168 69
80 451
695 253
84 968
526 74
117 795
44 873
999 425
666 315
434 946
124 156
365 462
152 64
616 840
880 953
544 515
698 310
652 968
6 494
840 36
262 52
299 148
683 965
165 43
869 734
632 458
798 866
296 777
526 467
127 269
945 85
989 573
233 593
781 269
577 702
675 797
878 491
706 654
64 979
292 637
686 584
421 904
767 954
182 967
925 380
153 13
135 151
428 129
907 896
357 323
824 630
145 446
747 352
577 828
365 661
241 983
41 319
352 289
602 899
12 469
167 505
217 160
842 9
935 896
633 466
357 629
562 97
63 302
985 510
884 950
123 503
543 144
582 101
762 352
734 827
281 657
418 652
964 796
157 548
312 156
274 759
889 87
473 321
391 1
173 330
99 372
171 496
320 506
603 317
584 564
970 347
456 926
709 10
85 428
446 35
601 939
959 671
115 576
487 853
193 591
301 293
629 168
556 20
242 776
335 189
325 68
720 636
839 623
931 259
206 12
528 110
516 473
184 746
67 23
397 389
462 285
866 285
220 260
831 818
947 741
652 73
577 385
25 387
255 429
274 802
385 266
291 119
394 774
40 133
392 489
436 338
586 42
592 102
382 916
91 982
217 238
595 635
386 4
745 869
610 984
921 71
990 761
672 500
513 306
720 714
821 605
160 726
370 341
912 404
410 756
271 696
524 906
135 319
413 745
449 830
980 816
315 405
734 739
877 268
681 830
30 976
569 480
681 848
425 162
634 603
211 950
128 254
880 939
108 685
935 195
364 852
390 832
179 33
289 962
35 839
904 676
510 697
557 825
72 156
28 448
465 42
901 148
419 624
634 999
353 682
735 129
69 669
569 750
488 6
597 831
341 332
136 625
931 157
1 864
151 393
181 171
664 763
880 862
773 339
861 435
850 172
6 498
363 523
770 52
513 87
408 349
813 898
681 724
498 205
385 881
787 232
940 150
459 569
745 786
702 292
754 872
527 664
369 349
575 57
184 56
673 256
44 230
792 649
588 746
776 663
88 712
693 416
651 978
147 610
741 188
777 638
934 913
895 241
798 217
472 351
433 49
446 404
932 644
121 784
486 28
486 606
110 257
147 792
504 219
73 835
38 414
299 230
847 951
198 946
119 219
718 785
525 120
133 591
458 771
653 856
466 89
140 691
979 688
325 180
283 506
256 628
72 401
155 386
523 526
885 896
281 241
79 522
211 129
671 827
372 268
872 952
411 748
171 285
549 829
71 473
783 455
838 841
775 905
448 402
676 740
122 257
433 42
772 827
985 381
334 488
289 245
604 154
249 712
165 75
49 632
935 788
963 387
199 970
668 787
490 696
4 812
582 894
357 334
272 647
379 931
405 678
421 319
378 625
354 58
171 596
148 962
590 616
959 377
170 725
546 62
403 359
548 340
618 597
79 483
537 587
249 660
395 262
370 292
181 14
939 196
594 811
551 805
472 849
326 145
851 416
993 48
693 716
60 955
426 330
471 508
327 904
498 37
799 888
699 75
681 194
991 563
372 758
217 19
438 64
301 10
118 169
154 584
759 464
836 372
40 497
505 805
348 734
267 75
696 265
502 17
987 904
676 685
156 66
931 854
170 47
980 725
75 792
863 710
363 61
141 583
183 482
847 839
694 574
356 441
271 775
192 920
551 947
921 176
221 251
275 479
24 892
787 658
876 224
567 885
794 6
342 493
565 93
282 653
676 887
314 279
666 788
424 413
868 155
578 482
950 983
340 607
909 255
952 102
350 272
459 311
755 452
868 98
918 708
785 287
195 78
49 829
246 549
65 63
231 831
594 749
525 221
575 759
890 554
925 369
56 214
378 880
795 556
693 782
918 696
816 117
443 574
319 256
245 312
562 705
230 711
366 43
941 348
356 547
979 543
262 196
435 264
671 173
824 836
300 221
604 520
182 122
375 500
493 254
410 370
862 661
214 511
35 969
624 425
203 964
947 49
370 52
565 807
883 734
11 954
493 161
522 178
355 972
272 179
320 251
350 460
713 177
32 883
197 678
546 427
491 937
939 42
240 53
96 879
927 206
896 284
257 115
918 636
109 86
710 4
382 702
576 492
347 304
924 711
470 636
129 113
105 58
641 559
9 439
814 401
335 123
417 481
952 649
148 866
546 10
462 841
576 13
585 887
218 920
609 500
742 292
648 368
516 458
333 566
479 975
285 783
599 780
329 600
970 643
954 898
954 148
215 136
78 446
236 327
684 129
102 772
165 40
425 322
632 519
500 185
318 258
39 939
620 716
996 598
489 351
759 63
178 861
705 123
675 852
566 401
251 881
238 786
208 341
869 896
823 300
242 213
157 619
648 656
228 83
322 97
561 75
443 761
238 374
29 393
53 184
829 447
112 523
677 671
876 107
651 35
738 475
68 885
928 259
129 522
657 135
795 372
821 698
598 243
465 990
276 44
470 998
403 549
449 198
756 813
453 805
592 444
183 241
485 785
512 147
999 940
639 513
169 338
660 826
885 16
753 161
663 745
808 227
954 703
700 862
376 971
31 821
354 215
352 731
77 502
39 148
718 683
263 837
491 221
19 499
999 479
196 46
917 803
441 462
110 956
26 26
689 648
314 910
39 54
758 939
100 134
618 537
388 342
247 859
529 721
450 428
490 714
748 1
195 832
83 46
174 447
625 863
791 294
792 393
291 338
218 101
140 605
39 189
6 647
949 47
709 770
494 464
238 280
553 865
5 560
412 880
235 777
504 56
54 562
996 217
773 932
617 838
866 535
930 695
852 873
570 319
388 882
658 886
11 589
131 634
836 148
219 729
253 63
992 946
489 910
193 199
625 102
315 228
852 775
703 360
379 977
732 922
360 69
628 332
266 602
640 606
840 226
185 927
476 743
793 155
993 362
942 178
464 904
595 21
168 13
826 735
433 379
413 662
506 556
266 75
857 642
732 534
998 837
857 142
128 396
578 407
216 109
283 84
622 562
188 206
423 647
583 249
11 848
310 183
102 108
4 548
217 352
651 921
712 792
890 83
992 464
432 514
215 246
721 239
679 133
138 575
50 416
748 520
382 859
636 385
757 489
562 972
41 570
241 681
996 921
669 713
198 573
121 115
687 351
94 824
400 281
684 582
926 604
769 938
309 14
787 172
413 703
609 556
522 127
204 422
560 220
503 116
34 490
881 94
806 546
373 576
652 122
70 838
435 210
303 734
675 281
583 90
974 582
368 850
280 712
260 788
261 240
562 300
776 897
62 63
174 916
788 97
883 228
208 119
743 740
820 696
616 36
668 993
434 263
378 472
493 883
88 907
84 103
340 4
615 110
536 757
468 216
264 1000
712 618
174 943
933 831
305 375
442 580
837 628
920 483
205 886
254 825
253 328
626 956
977 642
183 293
184 263
451 504
342 845
387 683
632 532
440 920
199 787
353 3
386 185
777 495
969 766
281 659
918 495
305 601
86 73
73 579
213 463
347 250
962 143
443 20
863 308
817 660
996 690
724 299
358 241
596 136
270 597
441 218
155 58
935 607
807 826
424 807
983 997
913 841
592 504
458 534
567 173
413 290
200 272
817 760
98 481
30 512
193 881
347 292
187 941
918 557
65 710
551 435
504 519
372 866
28 193
135 532
995 267
708 371
572 331
926 418
926 970
955 87
603 117
507 138
348 234
635 75
220 835
572 905
640 689
554 90
258 790
35 225
289 785
456 514
528 721
280 346
104 86
607 570
882 724
55 943
800 419
79 105
737 1
279 673
881 68
880 814
289 699
28 638
289 280
936 492
350 814
987 650
292 12
681 753
805 342
834 41
742 584
994 647
799 608
182 731
495 129
40 686
894 734
185 598
366 627
341 271
908 461
505 488
561 253
992 742
12 482
268 83
890 191
459 844
241 416
281 871
393 826
958 331
241 323
47 77
413 681
60 598
251 736
289 926
521 569
715 872
621 139
586 59
133 883
142 354
876 138
472 864
771 478
841 10
318 543
935 326
478 211
274 59
877 758
133 865
275 875
693 332
875 677
871 444
80 670
29 257
73 886
105 307
841 24
957 283
461 987
46 200
4 26
36 896
362 916
336 778
212 178
644 495
50 335
548 113
500 204
242 332
110 865
387 125
38 673
886 882
88 421
69 98
763 650
761 549
376 975
761 874
510 979
365 816
127 607
793 793
498 957
44 671
108 275
619 431
212 900
774 811
919 864
727 583
362 232
519 981
823 87
101 195
826 575
683 755
417 697
722 457
319 490
505 764
392 897
951 842
336 419
24 120
79 53
387 172
506 92
528 50
927 658
179 116
136 766
328 295
795 301
832 613
268 675
556 355
255 134
4 267
579 724
713 296
89 262
1000 21
570 599
456 436
386 521
58 657
9 859
834 981
951 708
756 455
210 522
13 923
743 791
574 485
428 250
993 719
962 454
805 731
876 32
713 760
479 859
64 848
645 309
937 175
947 130
788 672
905 41
968 790
301 407
495 921
440 595
752 329
413 314
512 412
708 366
441 980
626 321
575 803
429 283
580 572
106 362
553 803
186 290
370 255
534 151
913 996
151 637
982 870
356 642
959 67
50 6
377 83
383 946
115 766
240 328
995 31
296 746
643 730
264 859
182 838
752 452
305 396
707 609
540 543
956 197
572 844
931 564
905 685
629 315
809 547
642 331
495 513
715 786
678 266
463 786
336 578
81 271
641 204
437 806
989 3
769 34
110 12
200 657
522 626
993 654
226 259
573 28
447 101
851 53
599 560
359 696
717 515
766 317
881 499
440 28
694 858
724 415
285 885
858 404
56 757
462 43
501 901
703 474
862 175
689 533
128 593
380 825
74 461
326 178
513 169
140 699
721 500
267 101
563 641
786 763
526 178
288 207
905 596
816 554
207 402
235 650
964 980
519 539
500 249
514 525
168 787
849 764
278 461
782 93
710 202
966 200
661 872
16 204
276 350
861 958
206 161
857 480
586 967
805 360
376 744
56 537
377 649
8 967
481 690
349 25
302 137
276 305
826 852
902 188
123 324
901 338
802 675
98 891
52 943
404 415
650 425
257 987
978 534
989 501
791 81
17 914
47 332
263 407
901 30
805 906
490 937
483 650
564 441
370 246
921 16
998 817
177 207
416 68
225 896
659 706
207 126
768 605
891 26
714 227
152 309
965 452
886 533
844 455
388 69
463 1
880 910
648 464
599 958
483 281
852 276
133 590
362 339
565 408
251 384
102 572
608 504
604 811
782 960
414 974
261 193
860 355
571 346
105 932
141 806
321 180
44 740
814 318
648 256
332 873
36 790
647 618
820 503
258 293
451 228
611 796
181 127
874 410
524 626
987 596
69 130
740 979
667 989
913 658
415 749
301 444
163 187
152 237
573 438
958 167
574 51
341 26
561 612
36 17
343 94
459 590
476 475
726 334
85 774
871 821
543 333
592 296
694 915
842 829
731 597
135 558
211 366
832 880
773 509
282 377
868 754
396 497
488 210
243 384
869 397
499 244
998 898
933 813
154 109
245 445
785 778
730 255
67 571
118 333
264 897
672 945
100 713
815 757
434 455
83 754
827 49
300 655
649 460
306 431
95 654
576 196
138 656
22 887
825 592
792 211
104 595
137 983
280 449
770 295
552 421
186 198
422 641
706 687
719 327
361 272
223 63
565 167
461 604
117 427
458 856
251 998
503 674
241 498
494 796
664 604
873 101
253 492
790 566
601 884
922 26
886 258
961 145
752 451
884 597
420 122
168 398
606 208
262 360
834 330
242 812
50 909
273 540
121 600
3 692
29 44
79 339
811 112
354 943
101 785
54 166
613 208
108 982
540 332
73 428
587 385
488 427
439 453
863 248
519 614
679 823
469 755
331 879
551 168
595 241
645 975
18 981
857 959
184 189
41 746
511 896
344 312
554 685
783 125
126 416
96 779
11 420
233 730
829 812
207 769
878 273
23 28
432 203
565 93
309 28
380 433
41 599
529 616
844 569
653 794
878 387
39 491
386 81
467 575
254 778
440 984
804 19
244 28
185 497
502 81
719 626
177 652
355 731
362 746
310 787
208 556
696 166
234 693
119 357
51 746
903 676
456 727
666 536
40 283
559 87
631 302
337 543
272 927
976 712
243 816
225 904
15 426
268 115
281 428
704 154
819 922
83 670
817 107
625 819
720 986
665 439
225 940
721 346
731 262
594 312
210 979
787 800
942 32
929 781
987 777
82 646
490 107
369 289
954 762
182 140
597 239
232 725
222 512
807 24
776 938
815 507
974 165
447 81
544 355
614 480
646 654
332 46
234 896
6 576
572 823
569 73
558 119
230 535
484 584
970 868
704 753
622 518
890 905
829 414
964 635
943 27
105 658
20 353
385 526
672 983
217 750
9 219
910 945
225 421
50 499
24 263
363 446
643 218
960 337
683 10
784 698
629 373
282 206
363 351
152 565
134 48
886 455
402 493
498 540
65 385
365 719
351 615
496 904
987 269
351 527
291 990
788 555
609 170
842 386
361 381
217 438
906 729
752 581
559 249
471 597
36 78
452 762
669 581
751 757
130 380
82 46
327 421
332 102
28 658
454 696
725 982
871 876
496 849
545 605
998 47
280 588
411 904
685 877
626 282
502 918
842 50
277 293
390 954
336 909
392 617
613 250
606 324
